FILE f1cf.txt TRANSLATED FROM RME FILE f1cf.mm_
CREATED    6 Nov 2013 13:59:26  BY METRANS 20 Nov 90   
1 1  1.000000000000000e+00
2 2  1.000000000000000e+00
3 3  1.000000000000000e+00
4 4  1.000000000000000e+00
5 5  1.000000000000000e+00
6 6  1.000000000000000e+00
7 7  1.000000000000000e+00
8 8  1.000000000000000e+00
9 9  1.000000000000000e+00
10 10  1.000000000000000e+00
11 11  1.000000000000000e+00
12 12  1.000000000000000e+00
13 13  1.000000000000000e+00
14 14  1.000000000000000e+00
1 1  1.500000154671859e+00
2 2 -2.000000206229145e+00
3 3  1.500000154671859e+00
4 4 -2.000000206229145e+00
5 5  1.500000154671859e+00
6 6 -2.000000206229145e+00
7 7  1.500000154671859e+00
8 8 -2.000000206229145e+00
9 9  1.500000154671859e+00
10 10 -2.000000206229145e+00
11 11  1.500000154671859e+00
12 12 -2.000000206229145e+00
13 13  1.500000154671859e+00
14 14  1.500000154671859e+00
1 1 -3.333333084166658e-01
2 2 -2.857142643571420e-01
2 3  1.166423599849435e-01
3 3 -4.761904405952368e-02
4 4  5.714285287142841e-02
4 5  9.035078353680329e-02
5 5  1.428571321785710e-01
6 6  2.285714114857136e-01
6 7  3.299144148758237e-02
7 7  2.380952202976184e-01
8 8  2.285714114857136e-01
8 9 -3.299144148758237e-02
9 9  2.380952202976184e-01
10 10  5.714285287142841e-02
10 11 -9.035078353680329e-02
11 11  1.428571321785710e-01
12 12 -2.857142643571420e-01
12 13 -1.166423599849435e-01
13 13 -4.761904405952368e-02
14 14 -3.333333084166658e-01
1 2  1.259881482521273e-01
1 3  3.086066768558322e-01
2 4  3.129842951788019e-01
2 5 -8.247860371895592e-02
3 4  2.129588390813050e-02
3 5  2.693739917448814e-01
4 6  1.979486489254942e-01
4 7 -1.047618969309521e-01
5 6 -5.216404919646699e-02
5 7  1.505846392280055e-01
6 9 -9.428089711070847e-02
7 8 -9.428089711070847e-02
8 10 -1.979486489254942e-01
8 11 -5.216404919646699e-02
9 10 -1.047618969309521e-01
9 11 -1.505846392280055e-01
10 12 -3.129842951788019e-01
10 13  2.129588390813050e-02
11 12 -8.247860371895592e-02
11 13 -2.693739917448814e-01
12 14  1.259881482521273e-01
13 14 -3.086066768558322e-01
1 4 -1.126872255404311e-01
1 5 -1.781741479564306e-01
2 6 -2.213133175258229e-01
2 7  4.259176781626099e-02
3 6 -1.204677113824044e-01
3 7 -2.608202459823350e-01
4 8 -2.969229733882413e-01
4 9  7.619047049523787e-02
5 8 -1.043280983929340e-01
5 9 -3.011692784560110e-01
6 10 -2.969229733882413e-01
6 11  1.043280983929340e-01
7 10 -7.619047049523787e-02
7 11 -3.011692784560110e-01
8 12 -2.213133175258229e-01
8 13  1.204677113824044e-01
9 12 -4.259176781626099e-02
9 13 -2.608202459823350e-01
10 14  1.126872255404311e-01
11 14 -1.781741479564306e-01
1 1  9.090891768652329e-02
2 2  4.761895688341695e-02
2 3 -1.060383149526948e-01
3 3 -1.688308471321147e-01
4 4 -1.428568706502509e-01
4 5  1.095159007657823e-01
5 5 -3.896096472279569e-02
6 6  9.523791376683390e-02
6 7  7.498041156864534e-02
7 7  1.168828941683871e-01
8 8  9.523791376683390e-02
8 9 -7.498041156864534e-02
9 9  1.168828941683871e-01
10 10 -1.428568706502509e-01
10 11 -1.095159007657823e-01
11 11 -3.896096472279569e-02
12 12  4.761895688341695e-02
12 13  1.060383149526948e-01
13 13 -1.688308471321147e-01
14 14  9.090891768652329e-02
1 4  1.190277133271436e-01
1 5  1.881993393976762e-01
2 6  1.428568706502509e-01
2 7 -1.499608231372907e-01
3 6 -9.543448345742528e-02
3 7  1.836637490470579e-02
4 8 -1.064792246089518e-01
4 9 -3.353225944968052e-02
5 8 -1.040761244599995e-01
5 9 -1.272459779432337e-01
6 10 -1.064792246089518e-01
6 11  1.040761244599995e-01
7 10  3.353225944968052e-02
7 11 -1.272459779432337e-01
8 12  1.428568706502509e-01
8 13  9.543448345742528e-02
9 12  1.499608231372907e-01
9 13  1.836637490470579e-02
10 14 -1.190277133271436e-01
11 14  1.881993393976762e-01
1 6 -1.574588642941552e-01
1 7 -1.818178353730466e-01
2 8 -1.781738217733068e-01
2 9  1.402755054045861e-01
3 8 -1.983795222119060e-02
3 9 -1.374413646609040e-01
4 11  1.133833411284680e-01
5 10  1.133833411284680e-01
6 12  1.781738217733068e-01
6 13 -1.983795222119060e-02
7 12  1.402755054045861e-01
7 13  1.374413646609040e-01
8 14 -1.574588642941552e-01
9 14  1.818178353730466e-01
1 8  1.484536409337726e-01
1 9  1.285646243329406e-01
2 10  1.781738217733068e-01
2 11 -1.024427447673728e-01
3 10  1.587036177695248e-01
3 11  1.881993393976762e-01
4 12  1.781738217733068e-01
4 13 -1.587036177695248e-01
5 12  1.024427447673728e-01
5 13  1.881993393976762e-01
6 14 -1.484536409337726e-01
7 14  1.285646243329406e-01
1 1 -1.165500462893228e-02
2 3  2.854881429066008e-02
3 3  5.827502314466140e-02
4 5 -1.105690823016948e-01
5 5 -1.048950416603905e-01
6 7  2.018706017976116e-01
7 7  5.827502314466140e-02
8 9 -2.018706017976116e-01
9 9  5.827502314466140e-02
10 11  1.105690823016948e-01
11 11 -1.048950416603905e-01
12 13 -2.854881429066008e-02
13 13  5.827502314466140e-02
14 14 -1.165500462893228e-02
1 4 -3.296533123151447e-02
1 5 -5.212276525673459e-02
2 7  8.721806832545789e-02
3 6  1.233449751098458e-01
3 7  1.068198818742858e-01
4 9 -1.950255296419451e-01
5 8 -2.136397637485715e-01
5 9 -6.167248755492291e-02
6 11  2.136397637485715e-01
7 10  1.950255296419451e-01
7 11 -6.167248755492291e-02
8 13 -1.233449751098458e-01
9 12 -8.721806832545789e-02
9 13  1.068198818742858e-01
10 14  3.296533123151447e-02
11 14 -5.212276525673459e-02
1 6  6.993002777359368e-02
1 7  8.074824071904464e-02
2 9 -1.308271024881868e-01
3 8 -1.850174626647687e-01
3 9 -1.068198818742858e-01
4 11  2.265991885165603e-01
5 10  2.265991885165603e-01
6 13 -1.850174626647687e-01
7 12 -1.308271024881868e-01
7 13  1.068198818742858e-01
8 14  6.993002777359368e-02
9 14 -8.074824071904464e-02
1 8 -1.276741788618668e-01
1 9 -1.105690823016948e-01
2 11  1.850174626647687e-01
3 10  2.388565172194006e-01
3 11  7.553306283885343e-02
4 13 -2.388565172194006e-01
5 12 -1.850174626647687e-01
5 13  7.553306283885343e-02
6 14  1.276741788618668e-01
7 14 -1.105690823016948e-01
1 12 -3.280009043541540e-01
1 13 -1.339058084731844e-01
2 14  3.280009043541540e-01
3 14 -1.339058084731844e-01
1 1  4.001160000000000e+00
2 2  2.142028571428571e+00
2 3  3.507389369980622e-01
3 3  2.857971428571429e+00
4 4  1.285217142857143e+00
4 5  4.528020206199957e-01
5 5  1.714782857142857e+00
6 6  4.284057142857143e-01
6 7  4.960197615549821e-01
7 7  5.715942857142857e-01
8 8 -4.284057142857143e-01
8 9  4.960197615549821e-01
9 9 -5.715942857142857e-01
10 10 -1.285217142857143e+00
10 11  4.528020206199957e-01
11 11 -1.714782857142857e+00
12 12 -2.142028571428571e+00
12 13  3.507389369980622e-01
13 13 -2.857971428571429e+00
14 14 -4.001160000000000e+00
1 2  6.561724672240197e-01
1 3 -2.138709981380632e+00
2 4 -1.354737819774192e+00
2 5 -1.431885714285714e-01
3 4  5.545669525100883e-01
3 5 -2.800228679781240e+00
4 6 -1.713622857142857e+00
4 7 -2.480098807774910e-01
5 6  4.528020206199957e-01
5 7 -3.130750840267672e+00
6 8 -1.817571514022971e+00
6 9 -3.507389369980622e-01
7 8  3.507389369980622e-01
7 9 -3.233425564128419e+00
8 10 -1.713622857142857e+00
8 11 -4.528020206199957e-01
9 10  2.480098807774910e-01
9 11 -3.130750840267672e+00
10 12 -1.354737819774192e+00
10 13 -5.545669525100883e-01
11 12  1.431885714285714e-01
11 13 -2.800228679781240e+00
12 14 -6.561724672240197e-01
13 14 -2.138709981380632e+00
