1     0.0
17     41.00
33     124.00
49     956.00
65     1148.00
81    1319.00
97    1350.00
113    2185.00
129    2344.00
145    2354.00
161    2511.00
177    2550.00
193    3517.00
209    3554.00
241    3742.00
257    3758.00
289    4857.00
305    4883.00
401    6161.00
417    6192.00
449    6564.00
465    6717.00
481    6724.00
497    6747.00
513    6766.00
529    6891.00
545    6911.00
561    6929.00
577    7273.00
593    7368.00
609    7381.00
625    8130.00
641    8142.00
657    8162.00
689    9277.00
705    9307.00
721    9321.00
737    9370.00
753    9375.00
865    17678.00        
881    18072.00       
897    18089.00
